[-0.17602006  0.23083056 -0.11896382  0.64077531  0.93664613 -0.12971853
 -0.52702748  0.50572016 -0.66894244  0.02086415  0.59610335 -0.74648958
  0.60270288 -0.31423738  0.94762806  0.8332839   0.11872705  0.00231263
 -0.98065433  0.67052281  0.56752103 -0.40284924  0.50366987 -0.02807925
  0.49902881 -0.89290771  0.39846701  0.48212704 -0.60798724 -0.23938482
  0.08404701 -0.09240695 -0.98295378 -0.67596623 -0.73478305 -0.64485753
 -0.83116428  0.1494875  -0.08437642  0.34471625  0.02484291  0.29468637
 -0.6000304   0.55377121 -0.37803012 -0.52613925 -0.30151026 -0.54297398
 -0.18510386  0.8184635   0.7220772  -0.33056546 -0.43392868 -0.94536542
  0.20992744 -0.9534589  -0.43327733  0.6741266   0.51389494 -0.4739728
 -0.7750218   0.84355482  0.29993703 -0.92519558 -0.03023569 -0.47088173
  0.61824891  0.19475386 -0.52647159 -0.0753706  -0.93190799 -0.35792262] [-0.13783499 -0.86037882  0.50852938  0.46752861 -0.17303116  0.86466658
  0.06166881  0.26584364  0.45735183 -0.41793385 -0.12021606  0.33279736
  0.14249165 -0.05027384  0.37979474  0.18132416 -0.1308539  -0.83830353
  0.357895    0.04823022 -0.01656204 -0.05080959  0.79648358  0.33094654
  0.88430642  0.06522727 -0.19208208 -0.28418298  0.84771807 -0.5342657
 -0.43196235 -0.6700428  -0.48529623 -0.39106518 -0.35799318  0.03952116
 -0.08769271  0.30029443  0.83123352  0.67538772  0.74107241  0.74184688
  0.37757596 -0.37071132  0.46128054  0.9727007  -0.09109964  0.18144391
 -0.80393405  0.54036294  0.1181863   0.31520268 -0.60869838 -0.94893587
 -0.96114648  0.99484433  0.50698914 -0.55811896 -0.48673785 -0.56803266
 -0.91191309  0.32701574 -0.65414154  0.54666274 -0.11008154 -0.91549096
 -0.06149696 -0.28613777 -0.65565385  0.28977576 -0.84979794 -0.09179057] [-0.13783499 -0.86037882  0.50852938  0.85240493 -0.17303116  0.86466658
  0.06166881 -0.76428981  0.45735183 -0.41793385 -0.12021606  0.33279736
  0.69324463 -0.05027384  0.37979474  0.18132416 -0.1308539  -0.83830353
  0.357895    0.04823022 -0.01656204 -0.05080959  0.79648358 -0.48789107
 -0.97787483 -0.90430319 -0.19208208 -0.28418298  0.84771807  0.56761789
  0.07825614 -0.6700428  -0.48529623 -0.39106518 -0.35799318  0.03952116
 -0.89702226  0.30029443  0.83123352  0.70530945  0.74107241  0.74184688
  0.37757596 -0.37071132 -0.56060226  0.9727007  -0.09109964  0.18144391
 -0.80393405  0.54036294  0.1181863   0.09841263 -0.60869838  0.51227855
  0.6149719  -0.55704461 -0.55458643 -0.55811896 -0.48673785 -0.56803266
 -0.91191309 -0.53571831 -0.65414154  0.54666274 -0.11008154 -0.91549096
 -0.72419132 -0.28613777 -0.65565385  0.28977576 -0.84979794 -0.09179057] [-0.91318448  0.08593409 -0.08449796  0.94878179  0.56338347  0.92634426
  0.15595504  0.91375316  0.87824047  0.6236988   0.77262324 -0.01454862
  0.80792022 -0.86885638 -0.62924835  0.7244466   0.85070238  0.95944462
 -0.25994897  0.04823022 -0.22464166  0.41933249  0.79648358  0.64721642
 -0.97787483 -0.90430319  0.86907151 -0.59165121 -0.66620348 -0.79277546
  0.944016   -0.6700428   0.25581392 -0.94701369 -0.40520338  0.94358406
  0.16181698  0.30029443 -0.72285638  0.70530945  0.59081592 -0.54585451
  0.37757596 -0.52447186  0.4903912   0.4727571  -0.85054882  0.28695853
 -0.12689477 -0.88521947 -0.90436723  0.37440938  0.16299196  0.51779216
  0.6149719  -0.96013075 -0.55458643 -0.74821818 -0.48673785 -0.56803266
  0.51396884 -0.53571831  0.35287266  0.54666274  0.04539484 -0.67099868
 -0.72419132  0.30295091  0.35810131 -0.65429169 -0.55019896  0.91324472] [-0.91318448  0.08593409 -0.08449796  0.94878179  0.56338347  0.92634426
  0.15595504  0.91375316  0.87824047  0.6236988   0.77262324 -0.01454862
  0.80792022 -0.86885638 -0.62924835  0.7244466   0.85070238  0.95944462
 -0.25994897  0.04823022 -0.22464166  0.41933249  0.79648358  0.64721642
 -0.97787483 -0.90430319  0.86907151 -0.59165121 -0.66620348 -0.79277546
  0.944016   -0.6700428   0.25581392 -0.94701369 -0.40520338  0.94358406
  0.16181698  0.30029443 -0.72285638  0.70530945  0.59081592 -0.54585451
  0.37757596 -0.52447186  0.4903912   0.4727571  -0.85054882  0.28695853
 -0.12689477 -0.88521947 -0.90436723  0.37440938  0.16299196  0.51779216
  0.6149719  -0.96013075 -0.55458643 -0.74821818 -0.48673785 -0.56803266
  0.51396884 -0.53571831  0.35287266  0.54666274  0.04539484 -0.67099868
 -0.72419132  0.30295091  0.35810131 -0.65429169 -0.55019896  0.91324472] [-0.91318448  0.08593409 -0.08449796  0.94878179  0.56338347  0.92634426
  0.15595504  0.91375316  0.87824047  0.6236988   0.77262324 -0.01454862
  0.80792022 -0.86885638 -0.62924835  0.7244466   0.85070238  0.95944462
 -0.25994897  0.04823022 -0.22464166  0.41933249  0.79648358  0.64721642
 -0.97787483 -0.90430319  0.86907151 -0.59165121 -0.66620348 -0.79277546
  0.944016   -0.6700428   0.25581392 -0.94701369 -0.40520338  0.94358406
  0.16181698  0.30029443 -0.72285638  0.70530945  0.59081592 -0.54585451
  0.37757596 -0.52447186  0.4903912   0.4727571  -0.85054882  0.28695853
 -0.12689477 -0.88521947 -0.90436723  0.37440938  0.16299196  0.51779216
  0.6149719  -0.96013075 -0.55458643 -0.74821818 -0.48673785 -0.56803266
  0.51396884 -0.53571831  0.35287266  0.54666274  0.04539484 -0.67099868
 -0.72419132  0.30295091  0.35810131 -0.65429169 -0.55019896  0.91324472] [-0.91318448  0.08593409 -0.08449796  0.94878179  0.56338347  0.92634426
  0.15595504  0.91375316  0.87824047  0.6236988   0.77262324 -0.01454862
  0.80792022 -0.86885638 -0.62924835  0.7244466   0.85070238  0.95944462
 -0.25994897  0.04823022 -0.22464166  0.41933249  0.79648358  0.64721642
 -0.97787483 -0.90430319  0.86907151 -0.59165121 -0.66620348 -0.79277546
  0.944016   -0.6700428   0.25581392 -0.94701369 -0.40520338  0.94358406
  0.16181698  0.30029443 -0.72285638  0.70530945  0.59081592 -0.54585451
  0.37757596 -0.52447186  0.4903912   0.4727571  -0.85054882  0.28695853
 -0.12689477 -0.88521947 -0.90436723  0.37440938  0.16299196  0.51779216
  0.6149719  -0.96013075 -0.55458643 -0.74821818 -0.48673785 -0.56803266
  0.51396884 -0.53571831  0.35287266  0.54666274  0.04539484 -0.67099868
 -0.72419132  0.30295091  0.35810131 -0.65429169 -0.55019896  0.91324472] [-0.91318448  0.08593409 -0.08449796  0.94878179  0.56338347  0.92634426
  0.15595504  0.26584364  0.87824047  0.6236988   0.77262324 -0.44474653
  0.80792022 -0.86885638 -0.62924835  0.18132416  0.85070238  0.95944462
  0.357895    0.04823022 -0.01656204 -0.05080959  0.79648358  0.33094654
  0.88430642 -0.90430319  0.86907151 -0.28418298 -0.66620348 -0.5342657
  0.944016   -0.6700428  -0.48529623 -0.39106518 -0.35799318  0.03952116
 -0.08769271  0.01606878 -0.72285638  0.67538772  0.59081592 -0.54585451
  0.37757596 -0.52447186  0.4903912   0.4727571  -0.09109964  0.18144391
 -0.12689477 -0.88521947 -0.90436723  0.37440938  0.0514106   0.51779216
  0.6149719   0.99484433  0.50698914 -0.74821818 -0.48673785  0.84326767
  0.51396884 -0.53571831  0.35287266  0.54666274 -0.11008154 -0.91549096
 -0.06149696  0.30295091 -0.65565385  0.28977576 -0.55019896 -0.09179057] [-0.91318448  0.08593409 -0.08449796  0.94878179  0.56338347  0.92634426
  0.15595504  0.26584364  0.87824047  0.6236988   0.77262324 -0.44474653
  0.80792022 -0.86885638 -0.62924835  0.18132416  0.85070238  0.95944462
  0.357895    0.04823022 -0.01656204 -0.05080959  0.79648358  0.33094654
  0.88430642 -0.90430319  0.86907151 -0.28418298 -0.66620348 -0.5342657
  0.944016   -0.6700428  -0.48529623 -0.39106518 -0.35799318  0.03952116
 -0.08769271  0.01606878 -0.72285638  0.67538772  0.59081592 -0.54585451
  0.37757596 -0.52447186  0.4903912   0.4727571  -0.09109964  0.18144391
 -0.12689477 -0.88521947 -0.90436723  0.37440938  0.0514106   0.51779216
  0.6149719   0.99484433  0.50698914 -0.74821818 -0.48673785  0.84326767
  0.51396884 -0.53571831  0.35287266  0.54666274 -0.11008154 -0.91549096
 -0.06149696  0.30295091 -0.65565385  0.28977576 -0.55019896 -0.09179057] [-0.91318448  0.08593409 -0.08449796  0.94878179  0.56338347  0.92634426
  0.15595504  0.26584364  0.87824047  0.6236988   0.77262324 -0.44474653
  0.80792022 -0.86885638 -0.62924835  0.18132416  0.85070238  0.95944462
  0.357895    0.04823022 -0.01656204 -0.05080959  0.79648358  0.33094654
  0.88430642 -0.90430319  0.86907151 -0.28418298 -0.66620348 -0.5342657
  0.944016   -0.6700428  -0.48529623 -0.39106518 -0.35799318  0.03952116
 -0.08769271  0.01606878 -0.72285638  0.67538772  0.59081592 -0.54585451
  0.37757596 -0.52447186  0.4903912   0.4727571  -0.09109964  0.18144391
 -0.12689477 -0.88521947 -0.90436723  0.37440938  0.0514106   0.51779216
  0.6149719   0.99484433  0.50698914 -0.74821818 -0.48673785  0.84326767
  0.51396884 -0.53571831  0.35287266  0.54666274 -0.11008154 -0.91549096
 -0.06149696  0.30295091 -0.65565385  0.28977576 -0.55019896 -0.09179057] [-0.91318448  0.08593409 -0.08449796  0.94878179  0.56338347  0.92634426
  0.15595504  0.26584364  0.87824047  0.6236988   0.77262324 -0.44474653
  0.80792022 -0.86885638 -0.62924835  0.18132416  0.85070238  0.95944462
  0.357895    0.04823022 -0.01656204 -0.05080959  0.79648358  0.33094654
  0.88430642 -0.90430319  0.86907151 -0.28418298 -0.66620348 -0.5342657
  0.944016   -0.6700428  -0.48529623 -0.39106518 -0.35799318  0.03952116
 -0.08769271  0.01606878 -0.72285638  0.67538772  0.59081592 -0.54585451
  0.37757596 -0.52447186  0.4903912   0.4727571  -0.09109964  0.18144391
 -0.12689477 -0.88521947 -0.90436723  0.37440938  0.0514106   0.51779216
  0.6149719   0.99484433  0.50698914 -0.74821818 -0.48673785  0.84326767
  0.51396884 -0.53571831  0.35287266  0.54666274 -0.11008154 -0.91549096
 -0.06149696  0.30295091 -0.65565385  0.28977576 -0.55019896 -0.09179057] [-0.91318448  0.08593409 -0.08449796  0.94878179  0.56338347  0.92634426
  0.15595504  0.91375316  0.87824047  0.6236988   0.77262324 -0.01454862
  0.80792022 -0.86885638 -0.62924835  0.7244466   0.85070238  0.95944462
 -0.25994897  0.04823022 -0.22464166  0.41933249  0.79648358  0.64721642
 -0.97787483 -0.90430319  0.86907151 -0.59165121 -0.66620348 -0.79277546
  0.944016   -0.6700428   0.25581392 -0.94701369 -0.40520338  0.94358406
  0.16181698  0.30029443 -0.72285638  0.70530945  0.59081592 -0.54585451
  0.37757596 -0.52447186  0.4903912   0.4727571  -0.85054882  0.28695853
 -0.12689477 -0.88521947 -0.90436723  0.37440938  0.16299196  0.51779216
  0.6149719  -0.96013075 -0.55458643 -0.74821818 -0.48673785 -0.56803266
  0.51396884 -0.53571831  0.35287266  0.54666274  0.04539484 -0.67099868
 -0.72419132  0.30295091  0.35810131 -0.65429169 -0.55019896  0.91324472] [-0.91318448  0.08593409 -0.08449796  0.94878179  0.56338347  0.92634426
  0.15595504  0.91375316  0.87824047  0.6236988   0.77262324 -0.01454862
  0.80792022 -0.86885638 -0.62924835  0.7244466   0.85070238  0.95944462
 -0.25994897  0.04823022 -0.22464166  0.41933249  0.79648358  0.64721642
 -0.97787483 -0.90430319  0.86907151 -0.59165121 -0.66620348 -0.79277546
  0.944016   -0.6700428   0.25581392 -0.94701369 -0.40520338  0.94358406
  0.16181698  0.30029443 -0.72285638  0.70530945  0.59081592 -0.54585451
  0.37757596 -0.52447186  0.4903912   0.4727571  -0.85054882  0.28695853
 -0.12689477 -0.88521947 -0.90436723  0.37440938  0.16299196  0.51779216
  0.6149719  -0.96013075 -0.55458643 -0.74821818 -0.48673785 -0.56803266
  0.51396884 -0.53571831  0.35287266  0.54666274  0.04539484 -0.67099868
 -0.72419132  0.30295091  0.35810131 -0.65429169 -0.55019896  0.91324472] [-0.91318448  0.08593409 -0.08449796  0.94878179  0.56338347  0.92634426
  0.15595504  0.91375316  0.87824047  0.6236988   0.77262324 -0.01454862
  0.80792022 -0.86885638 -0.62924835  0.7244466   0.85070238  0.95944462
 -0.25994897  0.04823022 -0.22464166  0.41933249  0.79648358  0.64721642
 -0.97787483 -0.90430319  0.86907151 -0.59165121 -0.66620348 -0.79277546
  0.944016   -0.6700428   0.25581392 -0.94701369 -0.40520338  0.94358406
  0.16181698  0.30029443 -0.72285638  0.70530945  0.59081592 -0.54585451
  0.37757596 -0.52447186  0.4903912   0.4727571  -0.85054882  0.28695853
 -0.12689477 -0.88521947 -0.90436723  0.37440938  0.16299196  0.51779216
  0.6149719  -0.96013075 -0.55458643 -0.74821818 -0.48673785 -0.56803266
  0.51396884 -0.53571831  0.35287266  0.54666274  0.04539484 -0.67099868
 -0.72419132  0.30295091  0.35810131 -0.65429169 -0.55019896  0.91324472] [-0.91318448  0.08593409 -0.08449796  0.94878179  0.56338347  0.92634426
  0.15595504  0.91375316  0.87824047  0.6236988   0.77262324 -0.01454862
  0.80792022 -0.86885638 -0.62924835  0.7244466   0.85070238  0.95944462
 -0.25994897  0.04823022 -0.22464166  0.41933249  0.79648358  0.64721642
 -0.97787483 -0.90430319  0.86907151 -0.59165121 -0.66620348 -0.79277546
  0.944016   -0.6700428   0.25581392 -0.94701369 -0.40520338  0.94358406
  0.16181698  0.30029443 -0.72285638  0.70530945  0.59081592 -0.54585451
  0.37757596 -0.52447186  0.4903912   0.4727571  -0.85054882  0.28695853
 -0.12689477 -0.88521947 -0.90436723  0.37440938  0.16299196  0.51779216
  0.6149719  -0.96013075 -0.55458643 -0.74821818 -0.48673785 -0.56803266
  0.51396884 -0.53571831  0.35287266  0.54666274  0.04539484 -0.67099868
 -0.72419132  0.30295091  0.35810131 -0.65429169 -0.55019896  0.91324472] [-0.91318448  0.08593409 -0.08449796  0.94878179  0.56338347  0.92634426
  0.15595504  0.91375316  0.87824047  0.6236988   0.77262324 -0.01454862
  0.80792022 -0.86885638 -0.62924835  0.7244466   0.85070238  0.95944462
 -0.25994897  0.04823022 -0.22464166  0.41933249  0.79648358  0.64721642
 -0.97787483 -0.90430319  0.86907151 -0.59165121 -0.66620348 -0.79277546
  0.944016   -0.6700428   0.25581392 -0.94701369 -0.40520338  0.94358406
  0.16181698  0.30029443 -0.72285638  0.70530945  0.59081592 -0.54585451
  0.37757596 -0.52447186  0.4903912   0.4727571  -0.85054882  0.28695853
 -0.12689477 -0.88521947 -0.90436723  0.37440938  0.16299196  0.51779216
  0.6149719  -0.96013075 -0.55458643 -0.74821818 -0.48673785 -0.56803266
  0.51396884 -0.53571831  0.35287266  0.54666274  0.04539484 -0.67099868
 -0.72419132  0.30295091  0.35810131 -0.65429169 -0.55019896  0.91324472] [-0.91318448  0.08593409 -0.08449796  0.94878179  0.56338347  0.92634426
  0.15595504  0.91375316  0.87824047  0.6236988   0.77262324 -0.01454862
  0.80792022 -0.86885638 -0.62924835  0.7244466   0.85070238  0.95944462
 -0.25994897  0.04823022 -0.22464166  0.41933249  0.79648358  0.64721642
 -0.97787483 -0.90430319  0.86907151 -0.59165121 -0.66620348 -0.79277546
  0.944016   -0.6700428   0.25581392 -0.94701369 -0.40520338  0.94358406
  0.16181698  0.30029443 -0.72285638  0.70530945  0.59081592 -0.54585451
  0.37757596 -0.52447186  0.4903912   0.4727571  -0.85054882  0.28695853
 -0.12689477 -0.88521947 -0.90436723  0.37440938  0.16299196  0.51779216
  0.6149719  -0.96013075 -0.55458643 -0.74821818 -0.48673785 -0.56803266
  0.51396884 -0.53571831  0.35287266  0.54666274  0.04539484 -0.67099868
 -0.72419132  0.30295091  0.35810131 -0.65429169 -0.55019896  0.91324472] [-0.91318448  0.08593409 -0.08449796  0.94878179  0.56338347  0.92634426
  0.15595504  0.91375316  0.87824047  0.6236988   0.77262324 -0.01454862
  0.80792022 -0.86885638 -0.62924835  0.7244466   0.85070238  0.95944462
 -0.25994897  0.04823022 -0.22464166  0.41933249  0.79648358  0.64721642
 -0.97787483 -0.90430319  0.86907151 -0.59165121 -0.66620348 -0.79277546
  0.944016   -0.6700428   0.25581392 -0.94701369 -0.40520338  0.94358406
  0.16181698  0.30029443 -0.72285638  0.70530945  0.59081592 -0.54585451
  0.37757596 -0.52447186  0.4903912   0.4727571  -0.85054882  0.28695853
 -0.12689477 -0.88521947 -0.90436723  0.37440938  0.16299196  0.51779216
  0.6149719  -0.96013075 -0.55458643 -0.74821818 -0.48673785 -0.56803266
  0.51396884 -0.53571831  0.35287266  0.54666274  0.04539484 -0.67099868
 -0.72419132  0.30295091  0.35810131 -0.65429169 -0.55019896  0.91324472] [-0.91318448  0.08593409 -0.08449796  0.94878179  0.56338347  0.92634426
  0.15595504  0.91375316  0.87824047  0.6236988   0.77262324 -0.01454862
  0.80792022 -0.86885638 -0.62924835  0.7244466   0.85070238  0.95944462
 -0.25994897  0.04823022 -0.22464166  0.41933249  0.79648358  0.64721642
 -0.97787483 -0.90430319  0.86907151 -0.59165121 -0.66620348 -0.79277546
  0.944016   -0.6700428   0.25581392 -0.94701369 -0.40520338  0.94358406
  0.16181698  0.30029443 -0.72285638  0.70530945  0.59081592 -0.54585451
  0.37757596 -0.52447186  0.4903912   0.4727571  -0.85054882  0.28695853
 -0.12689477 -0.88521947 -0.90436723  0.37440938  0.16299196  0.51779216
  0.6149719  -0.96013075 -0.55458643 -0.74821818 -0.48673785 -0.56803266
  0.51396884 -0.53571831  0.35287266  0.54666274  0.04539484 -0.67099868
 -0.72419132  0.30295091  0.35810131 -0.65429169 -0.55019896  0.91324472] [-0.91318448  0.08593409 -0.08449796  0.94878179  0.56338347  0.92634426
  0.15595504  0.91375316  0.87824047  0.6236988   0.77262324 -0.01454862
  0.80792022 -0.86885638 -0.62924835  0.7244466   0.85070238  0.95944462
 -0.25994897  0.04823022 -0.22464166  0.41933249  0.79648358  0.64721642
 -0.97787483 -0.90430319  0.86907151 -0.59165121 -0.66620348 -0.79277546
  0.944016   -0.6700428   0.25581392 -0.94701369 -0.40520338  0.94358406
  0.16181698  0.30029443 -0.72285638  0.70530945  0.59081592 -0.54585451
  0.37757596 -0.52447186  0.4903912   0.4727571  -0.85054882  0.28695853
 -0.12689477 -0.88521947 -0.90436723  0.37440938  0.16299196  0.51779216
  0.6149719  -0.96013075 -0.55458643 -0.74821818 -0.48673785 -0.56803266
  0.51396884 -0.53571831  0.35287266  0.54666274  0.04539484 -0.67099868
 -0.72419132  0.30295091  0.35810131 -0.65429169 -0.55019896  0.91324472] [-0.91318448  0.08593409 -0.08449796  0.94878179  0.56338347  0.92634426
  0.15595504  0.91375316  0.87824047  0.6236988   0.77262324 -0.01454862
  0.80792022 -0.86885638 -0.62924835  0.7244466   0.85070238  0.95944462
 -0.25994897  0.04823022 -0.22464166  0.41933249  0.79648358  0.64721642
 -0.97787483 -0.90430319  0.86907151 -0.59165121 -0.66620348 -0.79277546
  0.944016   -0.6700428   0.25581392 -0.94701369 -0.40520338  0.94358406
  0.16181698  0.30029443 -0.72285638  0.70530945  0.59081592 -0.54585451
  0.37757596 -0.52447186  0.4903912   0.4727571  -0.85054882  0.28695853
 -0.12689477 -0.88521947 -0.90436723  0.37440938  0.16299196  0.51779216
  0.6149719  -0.96013075 -0.55458643 -0.74821818 -0.48673785 -0.56803266
  0.51396884 -0.53571831  0.35287266  0.54666274  0.04539484 -0.67099868
 -0.72419132  0.30295091  0.35810131 -0.65429169 -0.55019896  0.91324472] [-0.91318448  0.08593409 -0.08449796  0.94878179  0.56338347  0.92634426
  0.15595504  0.91375316  0.87824047  0.6236988   0.77262324 -0.01454862
  0.80792022 -0.86885638 -0.62924835  0.7244466   0.85070238  0.95944462
 -0.25994897  0.04823022 -0.22464166  0.41933249  0.79648358  0.64721642
 -0.97787483 -0.90430319  0.86907151 -0.59165121 -0.66620348 -0.79277546
  0.944016   -0.6700428   0.25581392 -0.94701369 -0.40520338  0.94358406
  0.16181698  0.30029443 -0.72285638  0.70530945  0.59081592 -0.54585451
  0.37757596 -0.52447186  0.4903912   0.4727571  -0.85054882  0.28695853
 -0.12689477 -0.88521947 -0.90436723  0.37440938  0.16299196  0.51779216
  0.6149719  -0.96013075 -0.55458643 -0.74821818 -0.48673785 -0.56803266
  0.51396884 -0.53571831  0.35287266  0.54666274  0.04539484 -0.67099868
 -0.72419132  0.30295091  0.35810131 -0.65429169 -0.55019896  0.91324472] [-0.91318448  0.08593409 -0.08449796  0.94878179  0.56338347  0.92634426
  0.15595504  0.91375316  0.87824047  0.6236988   0.77262324 -0.01454862
  0.80792022 -0.86885638 -0.62924835  0.7244466   0.85070238  0.95944462
 -0.25994897  0.04823022 -0.22464166  0.41933249  0.79648358  0.64721642
 -0.97787483 -0.90430319  0.86907151 -0.59165121 -0.66620348 -0.79277546
  0.944016   -0.6700428   0.25581392 -0.94701369 -0.40520338  0.94358406
  0.16181698  0.30029443 -0.72285638  0.70530945  0.59081592 -0.54585451
  0.37757596 -0.52447186  0.4903912   0.4727571  -0.85054882  0.28695853
 -0.12689477 -0.88521947 -0.90436723  0.37440938  0.16299196  0.51779216
  0.6149719  -0.96013075 -0.55458643 -0.74821818 -0.48673785 -0.56803266
  0.51396884 -0.53571831  0.35287266  0.54666274  0.04539484 -0.67099868
 -0.72419132  0.30295091  0.35810131 -0.65429169 -0.55019896  0.91324472] [-0.91318448  0.08593409 -0.08449796  0.94878179  0.56338347  0.92634426
  0.15595504  0.91375316  0.87824047  0.6236988   0.77262324 -0.01454862
  0.80792022 -0.86885638 -0.62924835  0.7244466   0.85070238  0.95944462
 -0.25994897  0.04823022 -0.22464166  0.41933249  0.79648358  0.64721642
 -0.97787483 -0.90430319  0.86907151 -0.59165121 -0.66620348 -0.79277546
  0.944016   -0.6700428   0.25581392 -0.94701369 -0.40520338  0.94358406
  0.16181698  0.30029443 -0.72285638  0.70530945  0.59081592 -0.54585451
  0.37757596 -0.52447186  0.4903912   0.4727571  -0.85054882  0.28695853
 -0.12689477 -0.88521947 -0.90436723  0.37440938  0.16299196  0.51779216
  0.6149719  -0.96013075 -0.55458643 -0.74821818 -0.48673785 -0.56803266
  0.51396884 -0.53571831  0.35287266  0.54666274  0.04539484 -0.67099868
 -0.72419132  0.30295091  0.35810131 -0.65429169 -0.55019896  0.91324472] [-0.91318448  0.08593409 -0.08449796  0.94878179  0.56338347  0.92634426
  0.15595504  0.91375316  0.87824047  0.6236988   0.77262324 -0.01454862
  0.80792022 -0.86885638 -0.62924835  0.7244466   0.85070238  0.95944462
 -0.25994897  0.04823022 -0.22464166  0.41933249  0.79648358  0.64721642
 -0.97787483 -0.90430319  0.86907151 -0.59165121 -0.66620348 -0.79277546
  0.944016   -0.6700428   0.25581392 -0.94701369 -0.40520338  0.94358406
  0.16181698  0.30029443 -0.72285638  0.70530945  0.59081592 -0.54585451
  0.37757596 -0.52447186  0.4903912   0.4727571  -0.85054882  0.28695853
 -0.12689477 -0.88521947 -0.90436723  0.37440938  0.16299196  0.51779216
  0.6149719  -0.96013075 -0.55458643 -0.74821818 -0.48673785 -0.56803266
  0.51396884 -0.53571831  0.35287266  0.54666274  0.04539484 -0.67099868
 -0.72419132  0.30295091  0.35810131 -0.65429169 -0.55019896  0.91324472] [-0.91318448  0.08593409 -0.08449796  0.94878179  0.56338347  0.92634426
  0.15595504  0.91375316  0.87824047  0.6236988   0.77262324 -0.01454862
  0.80792022 -0.86885638 -0.62924835  0.7244466   0.85070238  0.95944462
 -0.25994897  0.04823022 -0.22464166  0.41933249  0.79648358  0.64721642
 -0.97787483 -0.90430319  0.86907151 -0.59165121 -0.66620348 -0.79277546
  0.944016   -0.6700428   0.25581392 -0.94701369 -0.40520338  0.94358406
  0.16181698  0.30029443 -0.72285638  0.70530945  0.59081592 -0.54585451
  0.37757596 -0.52447186  0.4903912   0.4727571  -0.85054882  0.28695853
 -0.12689477 -0.88521947 -0.90436723  0.37440938  0.16299196  0.51779216
  0.6149719  -0.96013075 -0.55458643 -0.74821818 -0.48673785 -0.56803266
  0.51396884 -0.53571831  0.35287266  0.54666274  0.04539484 -0.67099868
 -0.72419132  0.30295091  0.35810131 -0.65429169 -0.55019896  0.91324472] [-0.91318448  0.08593409 -0.08449796  0.94878179  0.56338347  0.92634426
  0.15595504  0.91375316  0.87824047  0.6236988   0.77262324 -0.01454862
  0.80792022 -0.86885638 -0.62924835  0.7244466   0.85070238  0.95944462
 -0.25994897  0.04823022 -0.22464166  0.41933249  0.79648358  0.64721642
 -0.97787483 -0.90430319  0.86907151 -0.59165121 -0.66620348 -0.79277546
  0.944016   -0.6700428   0.25581392 -0.94701369 -0.40520338  0.94358406
  0.16181698  0.30029443 -0.72285638  0.70530945  0.59081592 -0.54585451
  0.37757596 -0.52447186  0.4903912   0.4727571  -0.85054882  0.28695853
 -0.12689477 -0.88521947 -0.90436723  0.37440938  0.16299196  0.51779216
  0.6149719  -0.96013075 -0.55458643 -0.74821818 -0.48673785 -0.56803266
  0.51396884 -0.53571831  0.35287266  0.54666274  0.04539484 -0.67099868
 -0.72419132  0.30295091  0.35810131 -0.65429169 -0.55019896  0.91324472] [-0.91318448  0.08593409 -0.08449796  0.94878179  0.56338347  0.92634426
  0.15595504  0.91375316  0.87824047  0.6236988   0.77262324 -0.01454862
  0.80792022 -0.86885638 -0.62924835  0.7244466   0.85070238  0.95944462
 -0.25994897  0.04823022 -0.22464166  0.41933249  0.79648358  0.64721642
 -0.97787483 -0.90430319  0.86907151 -0.59165121 -0.66620348 -0.79277546
  0.944016   -0.6700428   0.25581392 -0.94701369 -0.40520338  0.94358406
  0.16181698  0.30029443 -0.72285638  0.70530945  0.59081592 -0.54585451
  0.37757596 -0.52447186  0.4903912   0.4727571  -0.85054882  0.28695853
 -0.12689477 -0.88521947 -0.90436723  0.37440938  0.16299196  0.51779216
  0.6149719  -0.96013075 -0.55458643 -0.74821818 -0.48673785 -0.56803266
  0.51396884 -0.53571831  0.35287266  0.54666274  0.04539484 -0.67099868
 -0.72419132  0.30295091  0.35810131 -0.65429169 -0.55019896  0.91324472] [-0.13783499  0.08593409 -0.08449796  0.85240493 -0.17303116  0.92634426
  0.31098072  0.26584364  0.45735183 -0.41793385 -0.12021606  0.33279736
  0.14249165 -0.05027384  0.37979474  0.18132416 -0.1308539  -0.83830353
  0.357895    0.04823022 -0.01656204 -0.05080959  0.79648358  0.33094654
  0.88430642  0.06522727 -0.19208208 -0.28418298  0.84771807 -0.5342657
  0.944016   -0.6700428  -0.48529623 -0.39106518 -0.35799318  0.03952116
 -0.08769271  0.01606878  0.83123352  0.67538772  0.74107241  0.74184688
  0.37757596 -0.52447186 -0.56060226  0.9727007  -0.09109964  0.18144391
 -0.80393405  0.54036294 -0.90436723  0.37440938  0.0514106  -0.94893587
 -0.96114648  0.99484433  0.50698914 -0.55811896 -0.08404397  0.84326767
 -0.91191309 -0.53571831 -0.65414154  0.54666274 -0.11008154 -0.91549096
 -0.06149696 -0.28613777 -0.65565385  0.28977576 -0.84979794 -0.09179057] [-0.13783499  0.08593409 -0.08449796  0.85240493 -0.17303116  0.92634426
  0.31098072  0.26584364  0.45735183 -0.41793385 -0.12021606  0.33279736
  0.14249165 -0.05027384  0.37979474  0.18132416 -0.1308539  -0.83830353
  0.357895    0.04823022 -0.01656204 -0.05080959  0.79648358  0.33094654
  0.88430642  0.06522727 -0.19208208 -0.28418298  0.84771807 -0.5342657
  0.944016   -0.6700428  -0.48529623 -0.39106518 -0.35799318  0.03952116
 -0.08769271  0.01606878  0.83123352  0.67538772  0.74107241  0.74184688
  0.37757596 -0.52447186 -0.56060226  0.9727007  -0.09109964  0.18144391
 -0.80393405  0.54036294 -0.90436723  0.37440938  0.0514106  -0.94893587
 -0.96114648  0.99484433  0.50698914 -0.55811896 -0.08404397  0.84326767
 -0.91191309 -0.53571831 -0.65414154  0.54666274 -0.11008154 -0.91549096
 -0.06149696 -0.28613777 -0.65565385  0.28977576 -0.84979794 -0.09179057] [-0.13783499  0.08593409 -0.08449796  0.85240493 -0.17303116  0.92634426
  0.31098072  0.26584364  0.45735183 -0.41793385 -0.12021606  0.33279736
  0.14249165 -0.05027384  0.37979474  0.18132416 -0.1308539  -0.83830353
  0.357895    0.04823022 -0.01656204 -0.05080959  0.79648358  0.33094654
  0.88430642  0.06522727 -0.19208208 -0.28418298  0.84771807 -0.5342657
  0.944016   -0.6700428  -0.48529623 -0.39106518 -0.35799318  0.03952116
 -0.08769271  0.01606878  0.83123352  0.67538772  0.74107241  0.74184688
  0.37757596 -0.52447186 -0.56060226  0.9727007  -0.09109964  0.18144391
 -0.80393405  0.54036294 -0.90436723  0.37440938  0.0514106  -0.94893587
 -0.96114648  0.99484433  0.50698914 -0.55811896 -0.08404397  0.84326767
 -0.91191309 -0.53571831 -0.65414154  0.54666274 -0.11008154 -0.91549096
 -0.06149696 -0.28613777 -0.65565385  0.28977576 -0.84979794 -0.09179057] [-0.13783499  0.08593409 -0.08449796  0.85240493 -0.17303116  0.92634426
  0.31098072  0.26584364  0.45735183 -0.41793385 -0.12021606  0.33279736
  0.14249165 -0.05027384  0.37979474  0.18132416 -0.1308539  -0.83830353
  0.357895    0.04823022 -0.01656204 -0.05080959  0.79648358  0.33094654
  0.88430642  0.06522727 -0.19208208 -0.28418298  0.84771807 -0.5342657
  0.944016   -0.6700428  -0.48529623 -0.39106518 -0.35799318  0.03952116
 -0.08769271  0.01606878  0.83123352  0.67538772  0.74107241  0.74184688
  0.37757596 -0.52447186 -0.56060226  0.9727007  -0.09109964  0.18144391
 -0.80393405  0.54036294 -0.90436723  0.37440938  0.0514106  -0.94893587
 -0.96114648  0.99484433  0.50698914 -0.55811896 -0.08404397  0.84326767
 -0.91191309 -0.53571831 -0.65414154  0.54666274 -0.11008154 -0.91549096
 -0.06149696 -0.28613777 -0.65565385  0.28977576 -0.84979794 -0.09179057] [-0.13783499  0.08593409 -0.08449796  0.85240493 -0.17303116  0.92634426
  0.31098072  0.26584364  0.45735183 -0.41793385 -0.12021606  0.33279736
  0.14249165 -0.05027384  0.37979474  0.18132416 -0.1308539  -0.83830353
  0.357895    0.04823022 -0.01656204 -0.05080959  0.79648358  0.33094654
  0.88430642  0.06522727 -0.19208208 -0.28418298  0.84771807 -0.5342657
  0.944016   -0.6700428  -0.48529623 -0.39106518 -0.35799318  0.03952116
 -0.08769271  0.01606878  0.83123352  0.67538772  0.74107241  0.74184688
  0.37757596 -0.52447186 -0.56060226  0.9727007  -0.09109964  0.18144391
 -0.80393405  0.54036294 -0.90436723  0.37440938  0.0514106  -0.94893587
 -0.96114648  0.99484433  0.50698914 -0.55811896 -0.08404397  0.84326767
 -0.91191309 -0.53571831 -0.65414154  0.54666274 -0.11008154 -0.91549096
 -0.06149696 -0.28613777 -0.65565385  0.28977576 -0.84979794 -0.09179057] [-0.13783499  0.08593409 -0.08449796  0.85240493 -0.17303116  0.92634426
  0.31098072  0.26584364  0.45735183 -0.41793385 -0.12021606  0.33279736
  0.14249165 -0.05027384  0.37979474  0.18132416 -0.1308539  -0.83830353
  0.357895    0.04823022 -0.01656204 -0.05080959  0.79648358  0.33094654
  0.88430642  0.06522727 -0.19208208 -0.28418298  0.84771807 -0.5342657
  0.944016   -0.6700428  -0.48529623 -0.39106518 -0.35799318  0.03952116
 -0.08769271  0.01606878  0.83123352  0.67538772  0.74107241  0.74184688
  0.37757596 -0.52447186 -0.56060226  0.9727007  -0.09109964  0.18144391
 -0.80393405  0.54036294 -0.90436723  0.37440938  0.0514106  -0.94893587
 -0.96114648  0.99484433  0.50698914 -0.55811896 -0.08404397  0.84326767
 -0.91191309 -0.53571831 -0.65414154  0.54666274 -0.11008154 -0.91549096
 -0.06149696 -0.28613777 -0.65565385  0.28977576 -0.84979794 -0.09179057] [-0.13783499  0.08593409 -0.08449796  0.85240493 -0.17303116  0.92634426
  0.31098072  0.26584364  0.45735183 -0.41793385 -0.12021606  0.33279736
  0.14249165 -0.05027384  0.37979474  0.18132416 -0.1308539  -0.83830353
  0.357895    0.04823022 -0.01656204 -0.05080959  0.79648358  0.33094654
  0.88430642  0.06522727 -0.19208208 -0.28418298  0.84771807 -0.5342657
  0.944016   -0.6700428  -0.48529623 -0.39106518 -0.35799318  0.03952116
 -0.08769271  0.01606878  0.83123352  0.67538772  0.74107241  0.74184688
  0.37757596 -0.52447186 -0.56060226  0.9727007  -0.09109964  0.18144391
 -0.80393405  0.54036294 -0.90436723  0.37440938  0.0514106  -0.94893587
 -0.96114648  0.99484433  0.50698914 -0.55811896 -0.08404397  0.84326767
 -0.91191309 -0.53571831 -0.65414154  0.54666274 -0.11008154 -0.91549096
 -0.06149696 -0.28613777 -0.65565385  0.28977576 -0.84979794 -0.09179057] [-0.13783499  0.08593409 -0.08449796  0.85240493 -0.17303116  0.92634426
  0.31098072  0.26584364  0.45735183 -0.41793385 -0.12021606  0.33279736
  0.14249165 -0.05027384  0.37979474  0.18132416 -0.1308539  -0.83830353
  0.357895    0.04823022 -0.01656204 -0.05080959  0.79648358  0.33094654
  0.88430642  0.06522727 -0.19208208 -0.28418298  0.84771807 -0.5342657
  0.944016   -0.6700428  -0.48529623 -0.39106518 -0.35799318  0.03952116
 -0.08769271  0.01606878  0.83123352  0.67538772  0.74107241  0.74184688
  0.37757596 -0.52447186 -0.56060226  0.9727007  -0.09109964  0.18144391
 -0.80393405  0.54036294 -0.90436723  0.37440938  0.0514106  -0.94893587
 -0.96114648  0.99484433  0.50698914 -0.55811896 -0.08404397  0.84326767
 -0.91191309 -0.53571831 -0.65414154  0.54666274 -0.11008154 -0.91549096
 -0.06149696 -0.28613777 -0.65565385  0.28977576 -0.84979794 -0.09179057] [-0.13783499  0.08593409 -0.08449796  0.85240493 -0.17303116  0.92634426
  0.31098072  0.26584364  0.45735183 -0.41793385 -0.12021606  0.33279736
  0.14249165 -0.05027384  0.37979474  0.18132416 -0.1308539  -0.83830353
  0.357895    0.04823022 -0.01656204 -0.05080959  0.79648358  0.33094654
  0.88430642  0.06522727 -0.19208208 -0.28418298  0.84771807 -0.5342657
  0.944016   -0.6700428  -0.48529623 -0.39106518 -0.35799318  0.03952116
 -0.08769271  0.01606878  0.83123352  0.67538772  0.74107241  0.74184688
  0.37757596 -0.52447186 -0.56060226  0.9727007  -0.09109964  0.18144391
 -0.80393405  0.54036294 -0.90436723  0.37440938  0.0514106  -0.94893587
 -0.96114648  0.99484433  0.50698914 -0.55811896 -0.08404397  0.84326767
 -0.91191309 -0.53571831 -0.65414154  0.54666274 -0.11008154 -0.91549096
 -0.06149696 -0.28613777 -0.65565385  0.28977576 -0.84979794 -0.09179057] [-0.13783499  0.08593409 -0.08449796  0.85240493 -0.17303116  0.92634426
  0.31098072  0.26584364  0.45735183 -0.41793385 -0.12021606  0.33279736
  0.14249165 -0.05027384  0.37979474  0.18132416 -0.1308539  -0.83830353
  0.357895    0.04823022 -0.01656204 -0.05080959  0.79648358  0.33094654
  0.88430642  0.06522727 -0.19208208 -0.28418298  0.84771807 -0.5342657
  0.944016   -0.6700428  -0.48529623 -0.39106518 -0.35799318  0.03952116
 -0.08769271  0.01606878  0.83123352  0.67538772  0.74107241  0.74184688
  0.37757596 -0.52447186 -0.56060226  0.9727007  -0.09109964  0.18144391
 -0.80393405  0.54036294 -0.90436723  0.37440938  0.0514106  -0.94893587
 -0.96114648  0.99484433  0.50698914 -0.55811896 -0.08404397  0.84326767
 -0.91191309 -0.53571831 -0.65414154  0.54666274 -0.11008154 -0.91549096
 -0.06149696 -0.28613777 -0.65565385  0.28977576 -0.84979794 -0.09179057] [-0.13783499  0.08593409 -0.08449796  0.85240493 -0.17303116  0.92634426
  0.31098072  0.26584364  0.45735183 -0.41793385 -0.12021606  0.33279736
  0.14249165 -0.05027384  0.37979474  0.18132416 -0.1308539  -0.83830353
  0.357895    0.04823022 -0.01656204 -0.05080959  0.79648358  0.33094654
  0.88430642  0.06522727 -0.19208208 -0.28418298  0.84771807 -0.5342657
  0.944016   -0.6700428  -0.48529623 -0.39106518 -0.35799318  0.03952116
 -0.08769271  0.01606878  0.83123352  0.67538772  0.74107241  0.74184688
  0.37757596 -0.52447186 -0.56060226  0.9727007  -0.09109964  0.18144391
 -0.80393405  0.54036294 -0.90436723  0.37440938  0.0514106  -0.94893587
 -0.96114648  0.99484433  0.50698914 -0.55811896 -0.08404397  0.84326767
 -0.91191309 -0.53571831 -0.65414154  0.54666274 -0.11008154 -0.91549096
 -0.06149696 -0.28613777 -0.65565385  0.28977576 -0.84979794 -0.09179057] [-0.13783499  0.08593409 -0.08449796  0.85240493 -0.17303116  0.92634426
  0.31098072  0.26584364  0.45735183 -0.41793385 -0.12021606  0.33279736
  0.14249165 -0.05027384  0.37979474  0.18132416 -0.1308539  -0.83830353
  0.357895    0.04823022 -0.01656204 -0.05080959  0.79648358  0.33094654
  0.88430642  0.06522727 -0.19208208 -0.28418298  0.84771807 -0.5342657
  0.944016   -0.6700428  -0.48529623 -0.39106518 -0.35799318  0.03952116
 -0.08769271  0.01606878  0.83123352  0.67538772  0.74107241  0.74184688
  0.37757596 -0.52447186 -0.56060226  0.9727007  -0.09109964  0.18144391
 -0.80393405  0.54036294 -0.90436723  0.37440938  0.0514106  -0.94893587
 -0.96114648  0.99484433  0.50698914 -0.55811896 -0.08404397  0.84326767
 -0.91191309 -0.53571831 -0.65414154  0.54666274 -0.11008154 -0.91549096
 -0.06149696 -0.28613777 -0.65565385  0.28977576 -0.84979794 -0.09179057] [-0.13783499  0.08593409 -0.08449796  0.85240493 -0.17303116  0.92634426
  0.31098072  0.26584364  0.45735183 -0.41793385 -0.12021606  0.33279736
  0.14249165 -0.05027384  0.37979474  0.18132416 -0.1308539  -0.83830353
  0.357895    0.04823022 -0.01656204 -0.05080959  0.79648358  0.33094654
  0.88430642  0.06522727 -0.19208208 -0.28418298  0.84771807 -0.5342657
  0.944016   -0.6700428  -0.48529623 -0.39106518 -0.35799318  0.03952116
 -0.08769271  0.01606878  0.83123352  0.67538772  0.74107241  0.74184688
  0.37757596 -0.52447186 -0.56060226  0.9727007  -0.09109964  0.18144391
 -0.80393405  0.54036294 -0.90436723  0.37440938  0.0514106  -0.94893587
 -0.96114648  0.99484433  0.50698914 -0.55811896 -0.08404397  0.84326767
 -0.91191309 -0.53571831 -0.65414154  0.54666274 -0.11008154 -0.91549096
 -0.06149696 -0.28613777 -0.65565385  0.28977576 -0.84979794 -0.09179057] [-0.13783499  0.08593409 -0.08449796  0.85240493 -0.17303116  0.92634426
  0.31098072  0.26584364  0.45735183 -0.41793385 -0.12021606  0.33279736
  0.14249165 -0.05027384  0.37979474  0.18132416 -0.1308539  -0.83830353
  0.357895    0.04823022 -0.01656204 -0.05080959  0.79648358  0.33094654
  0.88430642  0.06522727 -0.19208208 -0.28418298  0.84771807 -0.5342657
  0.944016   -0.6700428  -0.48529623 -0.39106518 -0.35799318  0.03952116
 -0.08769271  0.01606878  0.83123352  0.67538772  0.74107241  0.74184688
  0.37757596 -0.52447186 -0.56060226  0.9727007  -0.09109964  0.18144391
 -0.80393405  0.54036294 -0.90436723  0.37440938  0.0514106  -0.94893587
 -0.96114648  0.99484433  0.50698914 -0.55811896 -0.08404397  0.84326767
 -0.91191309 -0.53571831 -0.65414154  0.54666274 -0.11008154 -0.91549096
 -0.06149696 -0.28613777 -0.65565385  0.28977576 -0.84979794 -0.09179057] [-0.13783499  0.08593409 -0.08449796  0.85240493 -0.17303116  0.92634426
  0.31098072  0.26584364  0.45735183 -0.41793385 -0.12021606  0.33279736
  0.14249165 -0.05027384  0.37979474  0.18132416 -0.1308539  -0.83830353
  0.357895    0.04823022 -0.01656204 -0.05080959  0.79648358  0.33094654
  0.88430642  0.06522727 -0.19208208 -0.28418298  0.84771807 -0.5342657
  0.944016   -0.6700428  -0.48529623 -0.39106518 -0.35799318  0.03952116
 -0.08769271  0.01606878  0.83123352  0.67538772  0.74107241  0.74184688
  0.37757596 -0.52447186 -0.56060226  0.9727007  -0.09109964  0.18144391
 -0.80393405  0.54036294 -0.90436723  0.37440938  0.0514106  -0.94893587
 -0.96114648  0.99484433  0.50698914 -0.55811896 -0.08404397  0.84326767
 -0.91191309 -0.53571831 -0.65414154  0.54666274 -0.11008154 -0.91549096
 -0.06149696 -0.28613777 -0.65565385  0.28977576 -0.84979794 -0.09179057] [-0.13783499  0.08593409 -0.08449796  0.85240493 -0.17303116  0.92634426
  0.31098072  0.26584364  0.45735183 -0.41793385 -0.12021606  0.33279736
  0.14249165 -0.05027384  0.37979474  0.18132416 -0.1308539  -0.83830353
  0.357895    0.04823022 -0.01656204 -0.05080959  0.79648358  0.33094654
  0.88430642  0.06522727 -0.19208208 -0.28418298  0.84771807 -0.5342657
  0.944016   -0.6700428  -0.48529623 -0.39106518 -0.35799318  0.03952116
 -0.08769271  0.01606878  0.83123352  0.67538772  0.74107241  0.74184688
  0.37757596 -0.52447186 -0.56060226  0.9727007  -0.09109964  0.18144391
 -0.80393405  0.54036294 -0.90436723  0.37440938  0.0514106  -0.94893587
 -0.96114648  0.99484433  0.50698914 -0.55811896 -0.08404397  0.84326767
 -0.91191309 -0.53571831 -0.65414154  0.54666274 -0.11008154 -0.91549096
 -0.06149696 -0.28613777 -0.65565385  0.28977576 -0.84979794 -0.09179057] [-0.13783499  0.08593409 -0.08449796  0.85240493 -0.17303116  0.92634426
  0.31098072  0.26584364  0.45735183 -0.41793385 -0.12021606  0.33279736
  0.14249165 -0.05027384  0.37979474  0.18132416 -0.1308539  -0.83830353
  0.357895    0.04823022 -0.01656204 -0.05080959  0.79648358  0.33094654
  0.88430642  0.06522727 -0.19208208 -0.28418298  0.84771807 -0.5342657
  0.944016   -0.6700428  -0.48529623 -0.39106518 -0.35799318  0.03952116
 -0.08769271  0.01606878  0.83123352  0.67538772  0.74107241  0.74184688
  0.37757596 -0.52447186 -0.56060226  0.9727007  -0.09109964  0.18144391
 -0.80393405  0.54036294 -0.90436723  0.37440938  0.0514106  -0.94893587
 -0.96114648  0.99484433  0.50698914 -0.55811896 -0.08404397  0.84326767
 -0.91191309 -0.53571831 -0.65414154  0.54666274 -0.11008154 -0.91549096
 -0.06149696 -0.28613777 -0.65565385  0.28977576 -0.84979794 -0.09179057] [-0.13783499  0.08593409 -0.08449796  0.85240493 -0.17303116  0.92634426
  0.31098072  0.26584364  0.45735183 -0.41793385 -0.12021606  0.33279736
  0.14249165 -0.05027384  0.37979474  0.18132416 -0.1308539  -0.83830353
  0.357895    0.04823022 -0.01656204 -0.05080959  0.79648358  0.33094654
  0.88430642  0.06522727 -0.19208208 -0.28418298  0.84771807 -0.5342657
  0.944016   -0.6700428  -0.48529623 -0.39106518 -0.35799318  0.03952116
 -0.08769271  0.01606878  0.83123352  0.67538772  0.74107241  0.74184688
  0.37757596 -0.52447186 -0.56060226  0.9727007  -0.09109964  0.18144391
 -0.80393405  0.54036294 -0.90436723  0.37440938  0.0514106  -0.94893587
 -0.96114648  0.99484433  0.50698914 -0.55811896 -0.08404397  0.84326767
 -0.91191309 -0.53571831 -0.65414154  0.54666274 -0.11008154 -0.91549096
 -0.06149696 -0.28613777 -0.65565385  0.28977576 -0.84979794 -0.09179057] [-0.13783499  0.08593409 -0.08449796  0.85240493 -0.17303116  0.92634426
  0.31098072  0.26584364  0.45735183 -0.41793385 -0.12021606  0.33279736
  0.14249165 -0.05027384  0.37979474  0.18132416 -0.1308539  -0.83830353
  0.357895    0.04823022 -0.01656204 -0.05080959  0.79648358  0.33094654
  0.88430642  0.06522727 -0.19208208 -0.28418298  0.84771807 -0.5342657
  0.944016   -0.6700428  -0.48529623 -0.39106518 -0.35799318  0.03952116
 -0.08769271  0.01606878  0.83123352  0.67538772  0.74107241  0.74184688
  0.37757596 -0.52447186 -0.56060226  0.9727007  -0.09109964  0.18144391
 -0.80393405  0.54036294 -0.90436723  0.37440938  0.0514106  -0.94893587
 -0.96114648  0.99484433  0.50698914 -0.55811896 -0.08404397  0.84326767
 -0.91191309 -0.53571831 -0.65414154  0.54666274 -0.11008154 -0.91549096
 -0.06149696 -0.28613777 -0.65565385  0.28977576 -0.84979794 -0.09179057] [-0.13783499  0.08593409 -0.08449796  0.85240493 -0.17303116  0.92634426
  0.31098072  0.26584364  0.45735183 -0.41793385 -0.12021606  0.33279736
  0.14249165 -0.05027384  0.37979474  0.18132416 -0.1308539  -0.83830353
  0.357895    0.04823022 -0.01656204 -0.05080959  0.79648358  0.33094654
  0.88430642  0.06522727 -0.19208208 -0.28418298  0.84771807 -0.5342657
  0.944016   -0.6700428  -0.48529623 -0.39106518 -0.35799318  0.03952116
 -0.08769271  0.01606878  0.83123352  0.67538772  0.74107241  0.74184688
  0.37757596 -0.52447186 -0.56060226  0.9727007  -0.09109964  0.18144391
 -0.80393405  0.54036294 -0.90436723  0.37440938  0.0514106  -0.94893587
 -0.96114648  0.99484433  0.50698914 -0.55811896 -0.08404397  0.84326767
 -0.91191309 -0.53571831 -0.65414154  0.54666274 -0.11008154 -0.91549096
 -0.06149696 -0.28613777 -0.65565385  0.28977576 -0.84979794 -0.09179057] [-0.13783499  0.08593409 -0.08449796  0.85240493 -0.17303116  0.92634426
  0.31098072  0.26584364  0.45735183 -0.41793385 -0.12021606  0.33279736
  0.14249165 -0.05027384  0.37979474  0.18132416 -0.1308539  -0.83830353
  0.357895    0.04823022 -0.01656204 -0.05080959  0.79648358  0.33094654
  0.88430642  0.06522727 -0.19208208 -0.28418298  0.84771807 -0.5342657
  0.944016   -0.6700428  -0.48529623 -0.39106518 -0.35799318  0.03952116
 -0.08769271  0.01606878  0.83123352  0.67538772  0.74107241  0.74184688
  0.37757596 -0.52447186 -0.56060226  0.9727007  -0.09109964  0.18144391
 -0.80393405  0.54036294 -0.90436723  0.37440938  0.0514106  -0.94893587
 -0.96114648  0.99484433  0.50698914 -0.55811896 -0.08404397  0.84326767
 -0.91191309 -0.53571831 -0.65414154  0.54666274 -0.11008154 -0.91549096
 -0.06149696 -0.28613777 -0.65565385  0.28977576 -0.84979794 -0.09179057] [-0.13783499  0.08593409 -0.08449796  0.85240493 -0.17303116  0.92634426
  0.31098072  0.26584364  0.45735183 -0.41793385 -0.12021606  0.33279736
  0.14249165 -0.05027384  0.37979474  0.18132416 -0.1308539  -0.83830353
  0.357895    0.04823022 -0.01656204 -0.05080959  0.79648358  0.33094654
  0.88430642  0.06522727 -0.19208208 -0.28418298  0.84771807 -0.5342657
  0.944016   -0.6700428  -0.48529623 -0.39106518 -0.35799318  0.03952116
 -0.08769271  0.01606878  0.83123352  0.67538772  0.74107241  0.74184688
  0.37757596 -0.52447186 -0.56060226  0.9727007  -0.09109964  0.18144391
 -0.80393405  0.54036294 -0.90436723  0.37440938  0.0514106  -0.94893587
 -0.96114648  0.99484433  0.50698914 -0.55811896 -0.08404397  0.84326767
 -0.91191309 -0.53571831 -0.65414154  0.54666274 -0.11008154 -0.91549096
 -0.06149696 -0.28613777 -0.65565385  0.28977576 -0.84979794 -0.09179057] 